<?xml version="1.0" standalone="no"?>
<!DOCTYPE svg PUBLIC "-//W3C//DTD SVG 20010904//EN"
 "http://www.w3.org/TR/2001/REC-SVG-20010904/DTD/svg10.dtd">
<svg version="1.0" xmlns="http://www.w3.org/2000/svg"
 width="32.000000pt" height="32.000000pt" viewBox="0 0 32.000000 32.000000"
 preserveAspectRatio="xMidYMid meet">

<g transform="translate(0.000000,32.000000) scale(0.100000,-0.100000)"
fill="#000000" stroke="none">
<path d="M70 259 c0 -5 5 -7 10 -4 6 3 10 8 10 11 0 2 -4 4 -10 4 -5 0 -10 -5
-10 -11z"/>
<path d="M195 263 c4 -9 -3 -13 -24 -13 -21 0 -31 -5 -31 -15 0 -8 5 -15 11
-15 5 0 7 5 4 10 -3 6 3 10 14 10 14 0 21 -6 21 -20 0 -23 18 -33 52 -28 22 3
22 4 -15 43 -22 22 -36 34 -32 28z m35 -44 c9 -16 7 -19 -10 -19 -15 0 -20 7
-20 26 0 27 14 25 30 -7z"/>
<path d="M140 195 c0 -8 4 -15 8 -15 5 0 9 7 9 15 0 8 -4 15 -9 15 -4 0 -8 -7
-8 -15z"/>
<path d="M250 118 c-3 -37 -1 -63 3 -59 4 4 7 35 5 67 l-3 59 -5 -67z"/>
<path d="M136 145 c-8 -30 -1 -45 20 -45 9 0 14 10 13 28 -2 23 -2 24 -6 5 -2
-13 -9 -23 -14 -23 -12 0 -11 17 1 41 6 11 7 19 1 19 -5 0 -12 -11 -15 -25z"/>
<path d="M70 60 c0 -5 5 -10 11 -10 5 0 7 5 4 10 -3 6 -8 10 -11 10 -2 0 -4
-4 -4 -10z"/>
</g>
</svg>
