<?xml version="1.0" standalone="no"?>
<!DOCTYPE svg PUBLIC "-//W3C//DTD SVG 20010904//EN"
 "http://www.w3.org/TR/2001/REC-SVG-20010904/DTD/svg10.dtd">
<svg version="1.0" xmlns="http://www.w3.org/2000/svg"
 width="32.000000pt" height="32.000000pt" viewBox="0 0 32.000000 32.000000"
 preserveAspectRatio="xMidYMid meet">

<g transform="translate(0.000000,32.000000) scale(0.100000,-0.100000)"
fill="#000000" stroke="none">
<path d="M65 287 c-3 -7 -4 -69 -3 -138 l3 -124 95 0 95 0 0 135 0 135 -93 3
c-70 2 -94 0 -97 -11z m185 -127 l0 -130 -90 0 -90 0 0 130 0 130 90 0 90 0 0
-130z"/>
<path d="M123 263 c20 -2 54 -2 75 0 20 2 3 4 -38 4 -41 0 -58 -2 -37 -4z"/>
<path d="M148 243 c6 -2 18 -2 25 0 6 3 1 5 -13 5 -14 0 -19 -2 -12 -5z"/>
<path d="M163 203 c15 -2 37 -2 50 0 12 2 0 4 -28 4 -27 0 -38 -2 -22 -4z"/>
<path d="M123 183 c20 -2 54 -2 75 0 20 2 3 4 -38 4 -41 0 -58 -2 -37 -4z"/>
<path d="M113 163 c15 -2 37 -2 50 0 12 2 0 4 -28 4 -27 0 -38 -2 -22 -4z"/>
<path d="M163 143 c15 -2 37 -2 50 0 12 2 0 4 -28 4 -27 0 -38 -2 -22 -4z"/>
<path d="M123 123 c20 -2 54 -2 75 0 20 2 3 4 -38 4 -41 0 -58 -2 -37 -4z"/>
<path d="M98 73 c6 -2 18 -2 25 0 6 3 1 5 -13 5 -14 0 -19 -2 -12 -5z"/>
<path d="M103 53 c9 -2 23 -2 30 0 6 3 -1 5 -18 5 -16 0 -22 -2 -12 -5z"/>
<path d="M1 238 c2 -30 2 -30 6 -6 2 15 12 29 21 31 12 3 10 5 -5 6 -20 1 -23
-4 -22 -31z"/>
<path d="M292 263 c9 -2 19 -16 21 -31 4 -24 4 -24 6 6 1 27 -2 32 -21 31 -16
-1 -18 -3 -6 -6z"/>
<path d="M13 160 c0 -25 2 -35 4 -22 2 12 2 32 0 45 -2 12 -4 2 -4 -23z"/>
<path d="M303 160 c0 -25 2 -35 4 -22 2 12 2 32 0 45 -2 12 -4 2 -4 -23z"/>
<path d="M20 80 c0 -16 4 -30 8 -30 5 0 7 13 4 30 -6 39 -12 39 -12 0z"/>
<path d="M288 80 c-3 -17 -1 -30 4 -30 4 0 8 14 8 30 0 17 -2 30 -4 30 -2 0
-6 -14 -8 -30z"/>
</g>
</svg>
