<?xml version="1.0" standalone="no"?>
<!DOCTYPE svg PUBLIC "-//W3C//DTD SVG 20010904//EN"
 "http://www.w3.org/TR/2001/REC-SVG-20010904/DTD/svg10.dtd">
<svg version="1.0" xmlns="http://www.w3.org/2000/svg"
 width="32.000000pt" height="32.000000pt" viewBox="0 0 32.000000 32.000000"
 preserveAspectRatio="xMidYMid meet">

<g transform="translate(0.000000,32.000000) scale(0.100000,-0.100000)"
fill="#000000" stroke="none">
<path d="M119 263 c-12 -16 -12 -17 1 -7 8 6 22 14 30 17 13 5 12 6 -1 6 -9 1
-23 -7 -30 -16z"/>
<path d="M188 270 c12 -5 22 -12 22 -15 0 -3 -10 -10 -22 -15 -13 -5 -16 -9
-8 -9 8 0 21 3 29 8 12 8 12 12 2 25 -8 9 -21 16 -30 15 -11 0 -9 -3 7 -9z"/>
<path d="M101 224 c0 -11 3 -14 6 -6 3 7 2 16 -1 19 -3 4 -6 -2 -5 -13z"/>
<path d="M211 215 c-3 -60 -63 -84 -88 -35 -7 14 -13 19 -13 11 0 -8 7 -22 16
-32 15 -17 14 -19 -25 -35 -41 -16 -60 -46 -48 -76 3 -7 6 -1 6 14 3 84 185
86 202 3 6 -28 7 -29 8 -4 1 29 -20 52 -62 68 l-28 11 22 29 c11 16 19 37 16
47 -4 17 -5 17 -6 -1z"/>
<path d="M146 96 c3 -8 1 -24 -6 -35 -7 -14 -7 -21 0 -21 5 0 10 7 10 15 0 8
5 15 10 15 6 0 10 -7 10 -15 0 -8 5 -15 10 -15 7 0 7 7 0 21 -7 11 -9 27 -6
35 3 9 -1 14 -14 14 -13 0 -17 -5 -14 -14z"/>
</g>
</svg>
