<?xml version="1.0" standalone="no"?>
<!DOCTYPE svg PUBLIC "-//W3C//DTD SVG 20010904//EN"
 "http://www.w3.org/TR/2001/REC-SVG-20010904/DTD/svg10.dtd">
<svg version="1.0" xmlns="http://www.w3.org/2000/svg"
 width="32.000000pt" height="32.000000pt" viewBox="0 0 32.000000 32.000000"
 preserveAspectRatio="xMidYMid meet">

<g transform="translate(0.000000,32.000000) scale(0.100000,-0.100000)"
fill="#000000" stroke="none">
<path d="M146 273 c-4 -5 -17 -8 -29 -8 -11 0 -22 -7 -24 -15 -4 -12 -3 -13 5
-1 5 7 15 10 21 6 7 -4 18 -1 26 5 11 9 18 10 29 1 7 -6 20 -9 28 -6 10 4 17
-1 21 -14 3 -12 13 -21 22 -21 12 0 15 -5 11 -16 -4 -9 -1 -23 5 -30 9 -11 9
-17 0 -28 -6 -7 -9 -21 -5 -30 4 -11 1 -16 -11 -16 -9 0 -19 -9 -22 -21 -4
-13 -11 -18 -21 -14 -8 3 -21 0 -28 -6 -11 -9 -17 -9 -28 0 -7 6 -20 9 -28 6
-10 -4 -17 1 -21 14 -3 12 -13 21 -22 21 -12 0 -15 5 -11 16 4 9 1 23 -5 30
-9 11 -9 17 0 28 6 7 9 21 5 30 -7 19 0 20 27 5 11 -5 17 -15 13 -21 -4 -5 0
-15 7 -20 11 -7 11 -11 2 -15 -17 -6 -17 -33 0 -33 6 0 19 5 27 11 11 8 9 9
-10 3 -22 -6 -23 -5 -11 10 11 13 11 19 0 32 -12 15 -11 16 11 9 19 -5 15 0
-14 19 -40 28 -73 28 -62 0 4 -9 1 -23 -5 -30 -9 -11 -9 -17 0 -28 6 -7 8 -21
5 -30 -5 -12 0 -19 14 -23 11 -2 23 -14 25 -25 4 -14 11 -19 23 -14 9 3 23 1
30 -5 11 -9 17 -9 28 0 7 6 21 8 30 5 12 -5 19 0 23 14 2 11 14 23 25 25 14 4
19 11 14 23 -3 9 -1 23 5 30 9 11 9 17 0 28 -6 7 -8 21 -5 30 5 12 0 19 -14
23 -11 2 -23 14 -25 25 -4 14 -11 18 -25 13 -11 -3 -23 -1 -27 5 -7 12 -19 13
-29 3z"/>
<path d="M180 189 c-11 -8 -9 -9 10 -3 22 6 23 5 11 -10 -11 -13 -11 -19 0
-32 12 -15 11 -16 -11 -10 -19 6 -21 5 -10 -3 21 -15 40 -13 40 3 0 8 -6 17
-12 20 -10 5 -10 7 0 12 6 3 12 12 12 20 0 16 -19 18 -40 3z"/>
</g>
</svg>
