<?xml version="1.0" standalone="no"?>
<!DOCTYPE svg PUBLIC "-//W3C//DTD SVG 20010904//EN"
 "http://www.w3.org/TR/2001/REC-SVG-20010904/DTD/svg10.dtd">
<svg version="1.0" xmlns="http://www.w3.org/2000/svg"
 width="32.000000pt" height="32.000000pt" viewBox="0 0 32.000000 32.000000"
 preserveAspectRatio="xMidYMid meet">

<g transform="translate(0.000000,32.000000) scale(0.100000,-0.100000)"
fill="#000000" stroke="none">
<path d="M125 260 c-3 -5 -24 -10 -46 -10 -21 0 -39 -4 -39 -10 0 -5 16 -10
35 -10 19 0 44 -6 55 -12 16 -10 24 -10 40 0 11 6 40 12 65 12 25 0 45 5 45
10 0 6 -22 10 -49 10 -28 0 -53 5 -56 10 -3 6 -15 10 -25 10 -10 0 -22 -4 -25
-10z m35 -20 c0 -5 -4 -10 -10 -10 -5 0 -10 5 -10 10 0 6 5 10 10 10 6 0 10
-4 10 -10z"/>
<path d="M195 180 c-3 -5 -40 -10 -81 -10 -43 0 -74 -4 -74 -10 0 -6 30 -10
70 -10 39 0 79 -5 89 -11 14 -9 25 -9 50 2 38 17 38 21 4 37 -33 15 -50 15
-58 2z m35 -20 c0 -5 -4 -10 -10 -10 -5 0 -10 5 -10 10 0 6 5 10 10 10 6 0 10
-4 10 -10z"/>
<path d="M85 100 c-3 -5 -15 -10 -26 -10 -10 0 -19 -4 -19 -10 0 -5 7 -10 15
-10 8 0 24 -6 35 -12 16 -10 24 -10 40 0 11 6 49 12 85 12 37 0 65 4 65 10 0
6 -30 10 -69 10 -39 0 -73 5 -76 10 -3 6 -15 10 -25 10 -10 0 -22 -4 -25 -10z
m35 -20 c0 -5 -4 -10 -10 -10 -5 0 -10 5 -10 10 0 6 5 10 10 10 6 0 10 -4 10
-10z"/>
</g>
</svg>
